51.730000	99.440833	-0.016719
51.730000	100.266666	0.000517
51.729167	99.450833	-0.018010
51.729167	100.276666	0.004347
51.728333	99.460833	-0.005249
51.728333	100.286666	0.004535
51.727500	99.470833	-0.007096
51.727500	100.296666	0.001192
51.726667	99.480833	-0.006176
51.726667	100.306666	-0.001554
51.725833	99.490833	-0.018499
51.725833	100.316666	-0.000723
51.725000	99.500833	-0.009571
51.725000	100.326666	-0.002208
51.724167	99.510833	-0.011738
51.724167	100.336666	-0.000900
51.723333	99.520833	-0.009078
51.723333	100.346666	0.000414
51.722500	99.530833	-0.008707
51.722500	100.356666	-0.001013
51.721667	99.540833	-0.012206
51.721667	100.366666	-0.003944
51.720833	99.550833	-0.012576
51.720833	100.376666	-0.007115
51.720000	99.560833	-0.013114
51.720000	100.386666	-0.007240
51.719167	99.570833	-0.012339
51.719167	100.396666	-0.005265
51.718333	99.580833	-0.015879
51.718333	100.406666	-0.008964
51.717500	99.590833	-0.018560
51.717500	100.416666	-0.007853
51.716667	99.600833	-0.013712
51.716667	100.426666	-0.006522
51.715833	99.610833	-0.014484
51.715833	100.436666	-0.005320
51.715000	99.620833	-0.014600
51.715000	100.446666	-0.007697
51.714167	99.630833	-0.017145
51.714167	100.456666	-0.006474
51.713333	99.640833	-0.015177
51.713333	100.466666	-0.004564
51.712500	99.650833	-0.012229
51.712500	100.476666	0.002454
51.711667	99.660833	-0.017388
51.711667	100.486666	-0.000207
51.710833	99.670833	-0.015430
51.710833	100.496666	-0.003335
51.710000	99.680833	-0.011851
51.710000	100.506666	-0.001637
51.709167	99.690833	-0.013615
51.709167	100.516666	0.000937
51.708333	99.700833	-0.013280
51.708333	100.526666	-0.001943
51.707500	99.710833	-0.013435
51.707500	100.536666	-0.004280
51.706667	99.720833	-0.012549
51.706667	100.546666	-0.003693
51.705833	99.730833	-0.012422
51.705833	100.556666	-0.005140
51.705000	99.740833	-0.010892
51.705000	100.566666	-0.003408
51.704167	99.750833	-0.010026
51.704167	100.576666	-0.004342
51.703333	99.760833	-0.012477
51.703333	100.586666	-0.004574
51.702500	99.770833	-0.014769
51.702500	100.596666	-0.004608
51.701667	99.780833	-0.015849
51.701667	100.606666	-0.006146
51.700833	99.790833	-0.012377
51.700833	100.616666	-0.006026
51.700000	99.800833	-0.014826
51.700000	100.626666	-0.004700
51.699167	99.810833	-0.013472
51.699167	100.636666	-0.003210
51.698333	99.820833	-0.014806
51.698333	100.646666	-0.002463
51.697500	99.830833	-0.013626
51.697500	100.656666	0.000556
51.696667	99.840833	-0.017157
51.696667	100.666666	-0.002751
51.695833	99.850833	-0.014725
51.695833	100.676666	-0.001243
51.695000	99.860833	-0.015926
51.695000	100.686666	0.001214
51.694167	99.870833	-0.015215
51.694167	100.696666	0.004473
51.693333	99.880833	-0.016638
51.693333	100.706666	0.008098
51.692500	99.890833	-0.016291
51.692500	100.716666	0.008862
51.691667	99.900833	-0.010053
51.691667	100.726666	0.008900
51.690833	99.910833	-0.012505
51.690833	100.736666	0.007913
51.690000	99.920833	-0.013792
51.690000	100.746666	0.005596
51.689167	99.930833	-0.013774
51.689167	100.756666	0.005378
51.688333	99.940833	-0.015491
51.688333	100.766666	0.006446
51.687500	99.950833	-0.014577
51.687500	100.776666	0.007749
51.686667	99.960833	-0.010336
51.686667	100.786666	0.011178
51.685833	99.970833	-0.007387
51.685833	100.796666	0.014896
51.685000	99.980833	-0.006330
51.685000	100.806666	0.013410
51.684167	99.990833	-0.006565
51.684167	100.816666	0.013749
51.683333	100.000833	-0.007940
51.683333	100.826666	0.010423
51.682500	100.010833	-0.006694
51.682500	100.836666	0.012213
51.681667	100.020833	-0.004624
51.681667	100.846666	0.013619
51.680833	100.030833	-0.002339
51.680833	100.856666	0.014332
51.680000	100.040833	0.000481
51.680000	100.866666	0.011262
51.679167	100.050833	-0.001278
51.679167	100.876666	0.013148
51.678333	100.060833	-0.002564
51.678333	100.886666	0.016020
51.677500	100.070833	-0.002109
51.677500	100.896666	0.019011
51.676667	100.080833	-0.000499
51.676667	100.906666	0.019647
51.675833	100.090833	-0.000210
51.675833	100.916666	0.017892
51.675000	100.100833	0.000342
51.675000	100.926666	0.016130
51.674167	100.110833	-0.000241
51.674167	100.936666	0.014387
51.673333	100.120833	-0.001012
51.673333	100.946666	0.013711
51.672500	100.130833	-0.001792
51.672500	100.956666	0.013362
51.671667	100.140833	-0.002087
51.671667	100.966666	0.014279
51.670833	100.150833	-0.001819
51.670833	100.976666	0.016551
51.670000	100.160833	-0.001454
51.670000	100.986666	0.016319
51.669167	100.170833	0.000359
51.669167	100.996666	0.015424
51.668333	100.180833	0.000839
51.668333	101.006666	0.015135
51.667500	100.190833	0.000263
51.667500	101.016666	0.015298
51.666667	100.200833	-0.000161
51.666667	101.026666	0.014351
51.665833	100.210833	0.000284
51.665833	101.036666	0.015156
51.665000	100.220833	0.000868
51.665000	101.046666	0.016088
51.664167	100.230833	0.002699
51.664167	101.056666	0.014806
51.663333	100.240833	0.002600
51.663333	101.066666	0.014656
51.662500	100.250833	0.001689
51.662500	101.076666	0.014354
51.661667	100.260833	0.002021
51.660833	99.445000	-0.012949
51.660833	100.270833	0.004152
51.660000	99.455000	-0.011427
51.660000	100.280833	0.003399
51.659167	99.465000	-0.009965
51.659167	100.290833	0.001467
51.658333	99.475000	-0.012510
51.658333	100.300833	0.001479
51.657500	99.485000	-0.011745
51.657500	100.310833	-0.000512
51.656667	99.495000	-0.010176
51.656667	100.320833	0.001976
51.655833	99.505000	-0.009879
51.655833	100.330833	0.002050
51.655000	99.515000	-0.007996
51.655000	100.340833	0.003408
51.654167	99.525000	-0.009085
51.654167	100.350833	0.004886
51.653333	99.535000	-0.010196
51.653333	100.360833	0.005152
51.652500	99.545000	-0.011837
51.652500	100.370833	0.003824
51.651667	99.555000	-0.013878
51.651667	100.380833	0.003520
51.650833	99.565000	-0.012708
51.650833	100.390833	0.001795
51.650000	99.575000	-0.011396
51.650000	100.400833	0.000313
51.649167	99.585000	-0.009675
51.649167	100.410833	0.001662
51.648333	99.595000	-0.012784
51.648333	100.420833	0.001844
51.647500	99.605000	-0.011526
51.647500	100.430833	0.001605
51.646667	99.615000	-0.012786
51.646667	100.440833	-0.002430
51.645833	99.625000	-0.012997
51.645833	100.450833	-0.002733
51.645000	99.635000	-0.017414
51.645000	100.460833	-0.001459
51.644167	99.645000	-0.022931
51.644167	100.470833	-0.003450
51.643333	99.655000	-0.017647
51.643333	100.480833	-0.004511
51.642500	99.665000	-0.018868
51.642500	100.490833	-0.003068
51.641667	99.675000	-0.021233
51.641667	100.500833	-0.000091
51.640833	99.685000	-0.019154
51.640833	100.510833	0.002108
51.640000	99.695000	-0.020808
51.640000	100.520833	0.004170
51.639167	99.705000	-0.025380
51.639167	100.530833	0.009426
51.638333	99.715000	-0.020874
51.638333	100.540833	0.003661
51.637500	99.725000	-0.018399
51.637500	100.550833	0.004008
51.636667	99.735000	-0.022302
51.636667	100.560833	0.004859
51.635833	99.745000	-0.026953
51.635833	100.570833	0.005792
51.635000	99.755000	-0.039950
51.635000	100.580833	0.006291
51.634167	99.765000	-0.017288
51.634167	100.590833	0.006880
51.633333	99.775000	-0.027111
51.633333	100.600833	0.006243
51.632500	99.785000	-0.034358
51.632500	100.610833	0.005661
51.631667	99.795000	-0.026294
51.631667	100.620833	0.007342
51.630833	99.805000	-0.022455
51.630833	100.630833	0.006891
51.630000	99.815000	-0.024181
51.630000	100.640833	0.004843
51.629167	99.825000	-0.024813
51.629167	100.650833	0.003674
51.628333	99.835000	-0.029778
51.628333	100.660833	0.002612
51.627500	99.845000	-0.028512
51.627500	100.670833	0.001961
51.626667	99.855000	-0.022220
51.626667	100.680833	0.000202
51.625833	99.865000	-0.023003
51.625833	100.690833	-0.000173
51.625000	99.875000	-0.023988
51.625000	100.700833	0.003418
51.624167	99.885000	-0.024783
51.624167	100.710833	0.006161
51.623333	99.895000	-0.024105
51.623333	100.720833	0.007833
51.622500	99.905000	-0.024834
51.622500	100.730833	0.006326
51.621667	99.915000	-0.024476
51.621667	100.740833	0.005223
51.620833	99.925000	-0.021220
51.620833	100.750833	0.006514
51.620000	99.935000	-0.023435
51.620000	100.760833	0.007321
51.619167	99.945000	-0.024744
51.619167	100.770833	0.009622
51.618333	99.955000	-0.024623
51.618333	100.780833	0.008531
51.617500	99.965000	-0.024272
51.617500	100.790833	0.009796
51.616667	99.975000	-0.023589
51.616667	100.800833	0.009865
51.615833	99.985000	-0.020218
51.615833	100.810833	0.011572
51.615000	99.995000	-0.019457
51.615000	100.830000	0.011916
51.614167	100.014166	-0.016758
51.614167	100.865833	0.012307
51.613333	100.050000	-0.016168
51.613333	100.920833	0.009879
51.612500	100.105000	-0.011476
51.612500	100.979166	0.007218
51.611667	100.163333	-0.005247
51.611667	101.037500	0.013193
51.610833	100.221666	-0.003631
51.610000	99.453333	-0.012293
51.610000	100.279166	-0.011304
51.609167	99.510833	-0.010115
51.609167	100.336666	-0.010406
51.608333	99.567500	-0.005094
51.608333	100.393333	-0.006049
51.607500	99.625000	-0.007587
51.607500	100.450833	0.001324
51.606667	99.681666	-0.016009
51.606667	100.507500	0.002505
51.605833	99.739166	-0.021072
51.605833	100.611666	0.006559
51.605000	99.795833	-0.026729
51.605000	100.669166	0.001182
51.604167	99.853333	-0.025243
51.604167	100.725833	0.005509
51.603333	99.910000	-0.028376
51.603333	100.783333	0.009953
51.602500	99.967500	-0.026451
51.602500	100.840000	0.010985
51.601667	100.024166	-0.022795
51.601667	100.897500	0.011290
51.600833	100.081666	-0.016925
51.600833	100.954166	0.006274
51.600000	100.138333	-0.010588
51.600000	101.011666	0.007554
51.599167	100.195833	0.000629
51.599167	101.069166	0.015369
51.598333	100.253333	-0.013772
51.597500	99.486666	-0.011347
51.597500	100.312500	-0.015583
51.596667	99.546666	-0.007638
51.596667	100.372500	-0.008365
51.595833	99.608333	-0.005943
51.595833	100.434166	-0.003621
51.595000	99.670833	-0.010810
51.595000	100.496666	0.002204
51.594167	99.735000	-0.024811
51.594167	100.617500	0.004320
51.593333	99.801666	-0.025649
51.593333	100.686666	0.003657
51.592500	99.870833	-0.025826
51.592500	100.768333	0.009037
51.591667	99.952500	-0.027241
51.591667	100.851666	0.010018
51.590833	100.035833	-0.024812
51.590833	100.935833	0.008252
51.590000	100.120000	-0.016627
51.590000	101.021666	0.006278
51.589167	100.205833	-0.007599
51.588333	99.465833	-0.009891
51.588333	100.291666	-0.019559
51.587500	99.553333	-0.010290
51.587500	100.379166	-0.011889
51.586667	99.641666	-0.006754
51.586667	100.467500	-0.004225
51.585833	99.731666	-0.024264
51.585833	100.637500	0.005192
51.585000	99.821666	-0.028673
51.585000	100.729166	0.005357
51.584167	99.913333	-0.030801
51.584167	100.822500	0.012990
51.583333	100.006666	-0.029642
51.583333	100.917500	0.011130
51.582500	100.101666	-0.019199
51.582500	101.013333	0.006847
51.581667	100.197500	-0.007930
51.580833	99.469166	-0.010936
51.580833	100.295000	-0.019817
51.580000	99.568333	-0.012206
51.580000	100.394166	-0.012738
51.579167	99.669166	-0.008432
51.579167	100.495000	-0.000363
51.578333	99.771666	-0.031109
51.578333	100.690833	-0.000361
51.577500	99.875000	-0.028057
51.577500	100.795833	0.012145
51.576667	99.980000	-0.024955
51.576667	100.902500	0.016072
51.575833	100.086666	-0.022950
51.575833	101.010000	0.007540
51.575000	100.194166	-0.008128
51.574167	99.475833	-0.013745
51.574167	100.301666	-0.018566
51.573333	99.584166	-0.015432
51.573333	100.410000	-0.007320
51.572500	99.693333	-0.009043
51.572500	100.619166	0.005587
51.571667	99.803333	-0.029163
51.571667	100.729166	0.004859
51.570833	99.913333	-0.031369
51.570833	100.840000	0.013564
51.570000	100.024166	-0.027394
51.570000	100.951666	0.011822
51.569167	100.135833	-0.014864
51.569167	101.064166	0.007945
51.568333	100.248333	-0.018246
51.567500	99.535000	-0.014736
51.567500	100.360833	-0.018361
51.566667	99.648333	-0.008426
51.566667	100.474166	-0.003844
51.565833	99.762500	-0.026066
51.565833	100.693333	0.001802
51.565000	99.877500	-0.033336
51.565000	100.809166	0.016228
51.564167	99.993333	-0.027871
51.564167	100.925000	0.008068
51.563333	100.109166	-0.022318
51.563333	101.041666	0.006955
51.562500	100.225833	-0.017928
51.561667	99.517500	-0.013741
51.561667	100.343333	-0.020366
51.560833	99.635833	-0.008098
51.560833	100.461666	-0.005122
51.560000	99.754166	-0.024620
51.560000	100.689166	0.003571
51.559167	99.873333	-0.034236
51.559167	100.809166	0.017008
51.558333	99.993333	-0.028712
51.558333	100.930000	0.009042
51.557500	100.114166	-0.023591
51.557500	101.050833	0.007164
51.556667	100.235000	-0.031473
51.555833	99.530833	-0.012031
51.555833	100.356666	-0.023697
51.555000	99.653333	-0.008912
51.555000	100.479166	-0.003392
51.554167	99.776666	-0.031058
51.554167	100.715833	0.005031
51.553333	99.900000	-0.033102
51.553333	100.841666	0.015725
51.552500	100.025833	-0.030904
51.552500	100.969166	0.009673
51.551667	100.153333	-0.019744
51.550833	99.456666	-0.010055
51.550833	100.282500	-0.031446
51.550000	99.587500	-0.007692
51.550000	100.413333	-0.014965
51.549167	99.720000	-0.012896
51.549167	100.670833	0.002992
51.548333	99.855000	-0.037792
51.548333	100.807500	0.014393
51.547500	99.991666	-0.035180
51.547500	100.945000	0.013879
51.546667	100.129166	-0.023605
51.545833	99.442500	-0.004733
51.545833	100.268333	-0.041581
51.545000	99.583333	-0.005987
51.545000	100.409166	-0.017239
51.544167	99.726666	-0.012862
51.544167	100.687500	0.005012
51.543333	99.871666	-0.038846
51.543333	100.834166	0.015972
51.542500	100.018333	-0.034782
51.542500	100.982500	0.013155
51.541667	100.166666	-0.020832
51.540833	99.490833	-0.009160
51.540833	100.316666	-0.036972
51.540000	99.643333	-0.006234
51.540000	100.469166	-0.003536
51.539167	99.797500	-0.040604
51.539167	100.769166	0.014987
51.538333	99.953333	-0.035879
51.538333	100.926666	0.016893
51.537500	100.110833	-0.032176
51.536667	99.444166	-0.005676
51.536667	100.270000	-0.053425
51.535833	99.605833	-0.012878
51.535833	100.431666	-0.014041
51.535000	99.769166	-0.026108
51.535000	100.749166	0.009586
51.534167	99.933333	-0.039279
51.534167	100.915000	0.016587
51.533333	100.099166	-0.037540
51.532500	99.440833	-0.005406
51.532500	100.266666	-0.063548
51.531667	99.611666	-0.010473
51.531667	100.437500	-0.012073
51.530833	99.784166	-0.031288
51.530833	100.774166	0.013109
51.530000	99.958333	-0.038853
51.530000	100.950000	0.011737
51.529167	100.134166	-0.033059
51.528333	99.485833	-0.008969
51.528333	100.311666	-0.050929
51.527500	99.665833	-0.009623
51.527500	100.663333	0.005752
51.526667	99.847500	-0.037996
51.526667	100.846666	0.011690
51.525833	100.030833	-0.042853
51.525833	101.031666	0.006131
51.525000	100.215833	-0.040824
51.524167	99.576666	-0.007921
51.524167	100.402500	-0.026061
51.523333	99.765833	-0.022978
51.523333	100.772500	0.014619
51.522500	99.956666	-0.037933
51.522500	100.965000	0.011801
51.521667	100.149166	-0.036505
51.520833	99.517500	-0.007026
51.520833	100.343333	-0.049732
51.520000	99.713333	-0.012433
51.520000	100.727500	0.009466
51.519167	99.911666	-0.041661
51.519167	100.928333	0.015601
51.518333	100.112500	-0.043188
51.517500	99.490000	-0.008812
51.517500	100.315833	-0.062050
51.516667	99.697500	-0.011496
51.516667	100.725000	0.009910
51.515833	99.909166	-0.041751
51.515833	100.942500	0.010847
51.515000	100.126666	-0.042771
51.514167	99.522500	-0.005096
51.514167	100.348333	-0.048489
51.513333	99.748333	-0.016096
51.513333	100.794166	0.014478
51.512500	99.978333	-0.039194
51.512500	101.029166	0.009576
51.511667	100.213333	-0.041450
51.510833	99.627500	-0.007498
51.510833	100.687500	0.006476
51.510000	99.871666	-0.038550
51.510000	100.935833	0.010814
51.509167	100.120000	-0.046293
51.508333	99.545000	-0.007483
51.508333	100.370833	-0.038722
51.507500	99.798333	-0.042923
51.507500	100.870833	0.008438
51.506667	100.055000	-0.053526
51.505833	99.488333	-0.007287
51.505833	100.314166	-0.069821
51.505000	99.747500	-0.016664
51.505000	100.823333	0.011012
51.504167	100.007500	-0.048181
51.503333	99.443333	-0.008315
51.503333	100.269166	-0.076371
51.502500	99.705833	-0.012157
51.502500	100.785833	0.011943
51.501667	99.970000	-0.045288
51.501667	101.050833	0.007713
51.500833	100.235000	-0.073105
51.500000	99.675833	-0.010371
51.500000	100.759166	0.011842
51.499167	99.943333	-0.043074
51.499167	101.027500	0.009948
51.498333	100.211666	-0.064453
51.497500	99.655833	-0.009960
51.497500	100.743333	0.012563
51.496667	99.927500	-0.041246
51.496667	101.016666	0.009637
51.495833	100.200833	-0.059359
51.495000	99.649166	-0.009841
51.495000	100.740000	0.012294
51.494167	99.924166	-0.042562
51.494167	101.016666	0.008996
51.493333	100.200833	-0.068868
51.492500	99.652500	-0.010719
51.492500	100.747500	0.011325
51.491667	99.931666	-0.044238
51.491667	101.028333	0.007531
51.490833	100.212500	-0.087451
51.490000	99.668333	-0.010387
51.490000	100.767500	0.011016
51.489167	99.951666	-0.048806
51.489167	101.051666	0.007980
51.488333	100.235833	-0.111540
51.487500	99.695833	-0.010389
51.487500	100.798333	0.011676
51.486667	99.982500	-0.049046
51.485833	99.445000	-0.007435
51.485833	100.270833	-0.119325
51.485000	99.735000	-0.014976
51.485000	100.841666	0.009269
51.484167	100.025833	-0.055120
51.483333	99.491666	-0.002586
51.483333	100.317500	-0.086978
51.482500	99.785000	-0.023181
51.482500	100.895833	0.012242
51.481667	100.080000	-0.063836
51.480833	99.551666	-0.003736
51.480833	100.377500	-0.036730
51.480000	99.852500	-0.039614
51.480000	100.972500	0.010325
51.479167	100.156666	-0.059746
51.478333	99.637500	-0.011061
51.478333	100.762500	0.012933
51.477500	99.946666	-0.050642
51.477500	101.075000	0.006630
51.476667	100.259166	-0.137433
51.475833	99.748333	-0.017411
51.475833	100.882500	0.012686
51.475000	100.066666	-0.059220
51.474167	99.562500	-0.005675
51.474167	100.702500	0.010701
51.473333	99.886666	-0.043378
51.473333	101.029166	0.006707
51.472500	100.213333	-0.131717
51.471667	99.717500	-0.014517
51.471667	100.865833	0.010862
51.470833	100.050000	-0.062396
51.470000	99.560000	-0.005969
51.470000	100.715000	0.012591
51.469167	99.899166	-0.046870
51.469167	101.056666	0.004275
51.468333	100.240833	-0.137724
51.467500	99.758333	-0.019595
51.467500	100.917500	0.011000
51.466667	100.101666	-0.068023
51.465833	99.620000	-0.011755
51.465833	100.780833	0.011244
51.465000	99.965000	-0.052855
51.464167	99.485000	0.006425
51.464167	100.310833	-0.090923
51.463333	99.834166	-0.047635
51.463333	101.000000	0.006889
51.462500	100.184166	-0.068198
51.461667	99.708333	-0.014590
51.461667	100.875000	0.013329
51.460833	100.059166	-0.060222
51.460000	99.585000	-0.009686
51.460000	100.753333	0.013343
51.459167	99.937500	-0.051773
51.458333	99.464166	0.029730
51.458333	100.290000	-0.110276
51.457500	99.815000	-0.039196
51.457500	100.992500	0.007433
51.456667	100.176666	-0.069041
51.455833	99.731666	-0.015096
51.455833	100.940000	0.007093
51.455000	100.124166	-0.072409
51.454167	99.688333	-0.012917
51.454167	100.893333	0.013802
51.453333	100.077500	-0.066854
51.452500	99.639166	-0.009251
51.452500	100.840000	0.014716
51.451667	100.024166	-0.059498
51.450833	99.582500	-0.009615
51.450833	100.780833	0.013127
51.450000	99.965000	-0.056368
51.449167	99.519166	-0.007817
51.449167	100.345000	-0.049002
51.448333	99.897500	-0.045480
51.447500	99.448333	0.013528
51.447500	100.274166	-0.125348
51.446667	99.822500	-0.039325
51.446667	101.010833	0.006020
51.445833	100.195000	-0.065650
51.445000	99.739166	-0.017440
51.445000	100.923333	0.011536
51.444167	100.107500	-0.075204
51.443333	99.647500	-0.006189
51.443333	100.824166	0.015466
51.442500	100.008333	-0.060216
51.441667	99.538333	-0.010198
51.441667	100.392500	0.000000
51.440833	99.890000	-0.043980
51.440833	101.053333	0.007595
51.440000	100.237500	-0.129076
51.439167	99.755000	-0.019303
51.439167	100.910000	0.014210
51.438333	100.094166	-0.074692
51.437500	99.603333	-0.006096
51.437500	100.435000	-0.017905
51.436667	99.935000	-0.049369
51.436667	101.076666	0.009827
51.435833	100.260833	-0.136976
51.435000	99.760833	-0.019451
51.435000	100.902500	0.013956
51.434167	100.086666	-0.073183
51.433333	99.587500	-0.007853
51.433333	100.413333	-0.023511
51.432500	99.914166	-0.054707
51.432500	101.056666	0.009109
51.431667	100.240833	-0.133624
51.430833	99.741666	-0.016820
51.430833	100.884166	0.014217
51.430000	100.068333	-0.070934
51.429167	99.570000	-0.004959
51.429167	100.395833	-0.025811
51.428333	99.897500	-0.043272
51.428333	101.040833	0.008192
51.427500	100.225000	-0.103834
51.426667	99.727500	-0.015217
51.426667	100.872500	0.013868
51.425833	100.056666	-0.070340
51.425000	99.560000	-0.004467
51.425000	100.385833	-0.028424
51.424167	99.889166	-0.043643
51.424167	101.035000	0.007530
51.423333	100.219166	-0.092464
51.422500	99.724166	-0.014609
51.422500	100.870833	0.011716
51.421667	100.055000	-0.069456
51.420833	99.560000	-0.004707
51.420833	100.385833	-0.029670
51.420000	99.890833	-0.042469
51.420000	101.039166	0.008795
51.419167	100.223333	-0.120919
51.418333	99.731666	-0.015063
51.418333	100.882500	0.012759
51.417500	100.066666	-0.071846
51.416667	99.576666	-0.003552
51.416667	100.402500	-0.034750
51.415833	99.915000	-0.042812
51.415833	101.070000	0.010057
51.415000	100.254166	-0.179011
51.414167	99.768333	-0.019997
51.414167	100.925833	0.010341
51.413333	100.110000	-0.071814
51.412500	99.626666	-0.003737
51.412500	100.452500	-0.022333
51.411667	99.969166	-0.054693
51.410833	99.486666	0.001065
51.410833	100.312500	-0.081323
51.410000	99.830000	-0.033966
51.410000	100.989166	0.009170
51.409167	100.173333	-0.078649
51.408333	99.691666	-0.010739
51.408333	100.851666	0.014120
51.407500	100.035833	-0.063722
51.406667	99.554166	-0.002431
51.406667	100.380000	-0.044631
51.405833	99.899166	-0.038498
51.405833	101.060000	0.009812
51.405000	100.244166	-0.198186
51.404167	99.764166	-0.016389
51.404167	100.926666	0.009472
51.403333	100.110833	-0.067499
51.402500	99.631666	-0.007006
51.402500	100.457500	0.000000
51.401667	99.978333	-0.057104
51.400833	99.500000	0.000772
51.400833	100.325833	-0.084518
51.400000	99.847500	-0.040498
51.400000	101.010833	0.011777
51.399167	100.195000	-0.071310
51.398333	99.717500	-0.011309
51.398333	100.881666	0.013754
51.397500	100.065833	-0.064088
51.396667	99.588333	-0.002964
51.396667	100.414166	-0.050591
51.395833	99.937500	-0.044750
51.395000	99.461666	0.000790
51.395000	100.287500	-0.130771
51.394167	99.811666	-0.022579
51.394167	100.978333	0.008434
51.393333	100.162500	-0.070987
51.392500	99.687500	-0.010859
51.392500	100.854166	0.017208
51.391667	100.038333	-0.058893
51.390833	99.564166	-0.001995
51.390833	100.390000	-0.057080
51.390000	99.915833	-0.050181
51.389167	99.441666	-0.005147
51.389167	100.267500	-0.151950
51.388333	99.794166	-0.020879
51.388333	100.963333	0.008150
51.387500	100.147500	-0.067912
51.386667	99.675833	-0.009718
51.386667	100.847500	0.018746
51.385833	100.031666	-0.057659
51.385000	99.562500	-0.003247
51.385000	100.388333	-0.063493
51.384167	99.920000	-0.050041
51.383333	99.453333	-0.003759
51.383333	100.279166	-0.137910
51.382500	99.813333	-0.021618
51.382500	100.990000	0.009945
51.381667	100.174166	-0.063439
51.380833	99.710833	-0.012702
51.380833	100.890000	0.015541
51.380000	100.074166	-0.058860
51.379167	99.612500	-0.005192
51.379167	100.438333	-0.046700
51.378333	99.977500	-0.048915
51.377500	99.516666	-0.000835
51.377500	100.342500	-0.113775
51.376667	99.880833	-0.044073
51.376667	101.061666	0.009171
51.375833	100.245833	-0.144154
51.375000	99.784166	-0.018699
51.375000	100.964166	0.012170
51.374167	100.148333	-0.062161
51.373333	99.687500	-0.009642
51.373333	100.867500	0.015980
51.372500	100.051666	-0.055541
51.371667	99.590000	-0.003284
51.371667	100.415833	-0.065266
51.370833	99.955000	-0.049134
51.370000	99.494166	0.000839
51.370000	100.320000	-0.153222
51.369167	99.859166	-0.037013
51.369167	101.040833	0.009942
51.368333	100.225000	-0.083167
51.367500	99.765000	-0.013401
51.367500	100.948333	0.014967
51.366667	100.132500	-0.054128
51.365833	99.674166	-0.006441
51.365833	100.858333	0.018581
51.365000	100.042500	-0.053275
51.364167	99.585000	-0.002280
51.364167	100.410833	-0.070285
51.363333	99.954166	-0.042995
51.362500	99.497500	0.001110
51.362500	100.323333	-0.165371
51.361667	99.868333	-0.041613
51.361667	101.055000	0.007561
51.360833	100.239166	-0.107338
51.360000	99.785000	-0.013821
51.360000	100.972500	0.016597
51.359167	100.156666	-0.049914
51.358333	99.703333	-0.008324
51.358333	100.891666	0.015985
51.357500	100.075833	-0.049963
51.356667	99.624166	-0.004908
51.356667	100.814166	0.025885
51.355833	99.998333	-0.050262
51.355000	99.547500	-0.001089
51.355000	100.373333	-0.096742
51.354167	99.922500	-0.043663
51.353333	99.472500	0.000991
51.353333	100.298333	-0.175423
51.352500	99.848333	-0.026959
51.352500	101.041666	0.010161
51.351667	100.225833	-0.057684
51.350833	99.777500	-0.012340
51.350833	100.971666	0.016172
51.350000	100.155833	-0.042932
51.349167	99.708333	-0.008195
51.349167	100.903333	0.017860
51.348333	100.087500	-0.048495
51.347500	99.640833	-0.005314
51.347500	100.836666	0.022419
51.346667	100.020833	-0.048727
51.345833	99.575833	-0.001604
51.345833	100.401666	-0.067236
51.345000	99.956666	-0.046437
51.344167	99.513333	0.001861
51.344167	100.339166	-0.134576
51.343333	99.898333	-0.039029
51.342500	99.460833	0.001110
51.342500	100.286666	-0.109582
51.341667	99.851666	-0.029224
51.341667	101.061666	0.008090
51.340833	100.245833	-0.061328
51.340000	99.816666	-0.021953
51.340000	101.032500	0.010259
51.339167	100.216666	-0.034940
51.338333	99.793333	-0.014536
51.338333	101.015000	0.011978
51.337500	100.199166	-0.032407
51.336667	99.781666	-0.012461
51.336667	101.009166	0.011854
51.335833	100.193333	-0.035665
51.335000	99.781666	-0.012464
51.335000	101.015000	0.012243
51.334167	100.199166	-0.033874
51.333333	99.794166	-0.013496
51.333333	101.034166	0.009896
51.332500	100.218333	-0.027328
51.331667	99.819166	-0.027726
51.331667	101.065000	0.007861
51.330833	100.249166	-0.027058
51.330000	99.855833	-0.030418
51.329167	99.465833	0.001706
51.329167	100.291666	-0.093788
51.328333	99.904166	-0.036266
51.327500	99.520000	-0.000455
51.327500	100.780000	0.026419
51.326667	99.964166	-0.039111
51.325833	99.585833	-0.002495
51.325833	100.851666	0.022126
51.325000	100.035833	-0.038200
51.324167	99.663333	-0.006037
51.324167	100.935000	0.018509
51.323333	100.119166	-0.033187
51.322500	99.752500	-0.008250
51.322500	101.030000	0.011020
51.321667	100.214166	-0.019063
51.320833	99.852500	-0.029574
51.320000	99.494166	0.001178
51.320000	100.780833	0.028287
51.319167	99.965000	-0.036421
51.318333	99.613333	-0.004050
51.318333	100.906666	0.019749
51.317500	100.090833	-0.027137
51.316667	99.745000	-0.003691
51.316667	101.044166	0.011027
51.315833	100.228333	-0.008629
51.315000	99.888333	-0.026896
51.314167	99.551666	-0.001056
51.314167	100.859166	0.024047
51.313333	100.043333	-0.035421
51.312500	99.712500	-0.006614
51.312500	101.025833	0.012892
51.311667	100.210000	-0.012481
51.310833	99.885000	-0.028633
51.310000	99.562500	-0.001960
51.310000	100.885000	0.025746
51.309167	100.069166	-0.033133
51.308333	99.752500	-0.004787
51.308333	101.080833	0.010642
51.307500	100.770833	-0.000000
51.306667	99.955000	-0.030085
51.305833	99.648333	-0.002841
51.305833	100.986666	0.014496
51.305000	100.170833	-0.019473
51.304167	99.871666	-0.026671
51.303333	99.576666	-0.001095
51.303333	100.923333	0.018877
51.302500	100.107500	-0.016589
51.301667	99.813333	-0.023009
51.300833	99.518333	0.001017
51.300833	100.865833	0.025210
51.300000	100.050000	-0.031101
51.299167	99.755000	-0.005539
51.298333	99.464166	0.002423
51.298333	100.817500	0.031572
51.297500	100.001666	-0.026793
51.296667	99.713333	-0.004988
51.296667	101.066666	0.012010
51.295833	100.778333	0.031984
51.295000	99.962500	-0.026354
51.294167	99.674166	-0.002898
51.294167	101.027500	0.015710
51.293333	100.211666	-0.009038
51.292500	99.923333	-0.024094
51.291667	99.635000	-0.002023
51.291667	100.987500	0.014235
51.290833	100.171666	-0.013844
51.290000	99.883333	-0.025976
51.289167	99.595000	-0.000845
51.289167	100.948333	0.016745
51.288333	100.132500	-0.017639
51.287500	99.844166	-0.024469
51.286667	99.555833	0.000239
51.286667	100.909166	0.019884
51.285833	100.093333	-0.018310
51.285000	99.805000	-0.009194
51.284167	99.516666	0.000978
51.284167	100.870000	0.026987
51.283333	100.054166	-0.021656
51.282500	99.765833	-0.004026
51.281667	99.477500	0.002470
51.281667	100.830833	0.030851
51.280833	100.015000	-0.024299
51.280000	99.726666	-0.002585
51.280000	101.079166	0.010830
51.279167	100.790000	0.035464
51.278333	99.974166	-0.019610
51.277500	99.684166	-0.000447
51.277500	101.035833	0.014560
51.276667	100.220000	-0.000325
51.275833	99.929166	-0.022616
51.275000	99.637500	0.002146
51.275000	100.986666	0.014327
51.274167	100.170833	-0.005754
51.273333	99.877500	-0.019748
51.272500	99.584166	0.001485
51.272500	100.931666	0.020070
51.271667	100.115833	-0.011541
51.270833	99.821666	-0.015142
51.270000	99.526666	0.000095
51.270000	100.873333	0.024924
51.269167	100.057500	-0.016625
51.268333	99.760833	-0.003652
51.267500	99.464166	0.003759
51.267500	100.808333	0.034971
51.266667	99.992500	-0.015756
51.265833	99.695000	0.000942
51.265833	101.038333	0.013772
51.265000	100.222500	0.001334
51.264167	99.924166	-0.018774
51.263333	99.625000	-0.010920
51.263333	100.967500	0.016657
51.262500	100.151666	-0.004418
51.261667	99.850833	-0.012967
51.260833	99.550000	0.001434
51.260833	100.890000	0.024728
51.260000	100.074166	-0.014235
51.259167	99.772500	-0.003832
51.258333	99.470000	0.004626
51.258333	100.809166	0.038474
51.257500	99.993333	-0.017070
51.256667	99.690000	0.000134
51.256667	101.027500	0.014550
51.255833	100.211666	0.001190
51.255000	99.906666	-0.015176
51.254167	99.600833	0.002148
51.254167	100.936666	0.019413
51.253333	100.120833	-0.007368
51.252500	99.814166	-0.004693
51.251667	99.507500	0.002003
51.251667	100.841666	0.035011
51.250833	100.025833	-0.010913
51.250000	99.718333	-0.002272
51.250000	101.051666	0.013598
51.249167	100.235833	0.008630
51.248333	99.926666	-0.015790
51.247500	99.615000	0.003630
51.247500	100.944166	0.018253
51.246667	100.128333	-0.004710
51.245833	99.814166	-0.007650
51.245000	99.499166	0.002951
51.245000	100.824166	0.034418
51.244167	100.008333	-0.015186
51.243333	99.690833	0.002096
51.243333	101.013333	0.017255
51.242500	100.197500	0.000344
51.241667	99.877500	-0.012722
51.240833	99.555000	0.003091
51.240833	100.873333	0.026272
51.240000	100.057500	-0.011522
51.239167	99.732500	-0.002204
51.239167	101.047500	0.012878
51.238333	100.231666	0.010052
51.237500	99.904166	-0.007591
51.236667	99.575000	0.004136
51.236667	100.886666	0.022183
51.235833	100.070833	-0.007248
51.235000	99.739166	-0.001743
51.235000	101.048333	0.013242
51.234167	100.232500	0.008420
51.233333	99.897500	-0.005130
51.232500	99.561666	0.007045
51.232500	100.865833	0.025584
51.231667	100.050000	-0.009045
51.230833	99.711666	-0.000583
51.230833	101.013333	0.015154
51.230000	100.197500	0.001001
51.229167	99.856666	-0.004671
51.228333	99.514166	0.003206
51.228333	100.812500	0.037375
51.227500	99.996666	-0.011088
51.226667	99.651666	0.003176
51.226667	100.946666	0.019229
51.225833	100.130833	0.001034
51.225000	99.782500	-0.007985
51.225000	101.075000	0.010868
51.224167	100.259166	0.016237
51.223333	99.908333	-0.015135
51.222500	99.556666	0.014925
51.222500	100.845000	0.032598
51.221667	100.029166	-0.002442
51.220833	99.674166	0.003694
51.220833	100.960000	0.017530
51.220000	100.144166	-0.000992
51.219167	99.785833	-0.009094
51.219167	101.068333	0.011249
51.218333	100.252500	0.014775
51.217500	99.891666	-0.014633
51.216667	99.530000	0.003970
51.216667	100.808333	0.040019
51.215833	99.992500	-0.004483
51.215000	99.628333	0.005479
51.215000	100.904166	0.022963
51.214167	100.088333	-0.001144
51.213333	99.721666	-0.003098
51.213333	100.995000	0.017451
51.212500	100.179166	0.005588
51.211667	99.809166	-0.006834
51.211667	101.079166	0.010598
51.210833	100.263333	0.018911
51.210000	99.890833	-0.012103
51.209167	99.516666	0.005965
51.209167	100.783333	0.044983
51.208333	99.967500	-0.008938
51.207500	99.590833	0.006297
51.207500	100.855000	0.028313
51.206667	100.039166	-0.001970
51.205833	99.660000	-0.000691
51.205833	100.921666	0.020828
51.205000	100.105833	-0.004585
51.204167	99.723333	-0.004722
51.204167	100.980833	0.017693
51.203333	100.165000	0.001078
51.202500	99.780000	-0.010658
51.202500	101.035000	0.014046
51.201667	100.219166	0.001975
51.200833	99.831666	-0.010577
51.200000	99.442500	0.006789
51.200000	100.268333	0.022515
51.199167	99.878333	-0.008515
51.198333	99.486666	0.006642
51.198333	100.737500	0.047522
51.197500	99.921666	-0.010181
51.196667	99.530833	0.004989
51.196667	100.782500	0.040134
51.195833	99.966666	-0.006028
51.195000	99.576666	0.006266
51.195000	100.828333	0.035644
51.194167	100.012500	-0.004646
51.193333	99.622500	0.005616
51.193333	100.875000	0.023495
51.192500	100.059166	-0.000562
51.191667	99.670000	0.001161
51.191667	100.923333	0.021857
51.190833	100.107500	-0.001527
51.190000	99.719166	-0.000324
51.190000	100.973333	0.018450
51.189167	100.157500	-0.001172
51.188333	99.769166	-0.002186
51.188333	101.023333	0.015446
51.187500	100.207500	0.001288
51.186667	99.820000	-0.009872
51.186667	101.074166	0.010586
51.185833	100.258333	0.015997
51.185000	99.871666	-0.007778
51.184167	99.483333	0.005409
51.184167	100.736666	0.044097
51.183333	99.920833	-0.009587
51.182500	99.530833	0.008575
51.182500	100.781666	0.038530
51.181667	99.965833	-0.004936
51.180833	99.574166	0.008658
51.180833	100.823333	0.031762
51.180000	100.007500	-0.006636
51.179167	99.613333	0.006182
51.179167	100.860833	0.027471
51.178333	100.045000	-0.000857
51.177500	99.649166	0.004464
51.177500	100.894166	0.021686
51.176667	100.078333	-0.001292
51.175833	99.680000	0.002319
51.175833	100.923333	0.021839
51.175000	100.107500	-0.000418
51.174167	99.707500	0.005859
51.174167	100.948333	0.020400
51.173333	100.132500	0.001341
51.172500	99.730833	0.005456
51.172500	100.970000	0.018549
51.171667	100.154166	-0.002498
51.170833	99.750000	0.007046
51.170833	100.987500	0.019136
51.170000	100.171666	-0.002536
51.169167	99.765833	0.004522
51.169167	101.000000	0.023200
51.168333	100.184166	-0.001331
51.167500	99.776666	0.004153
51.167500	101.009166	0.019412
51.166667	100.193333	-0.001329
51.165833	99.783333	0.003797
51.165833	101.014166	0.015416
51.165000	100.198333	-0.000301
51.164167	99.786666	0.004749
51.164167	101.015000	0.015352
51.163333	100.199166	-0.000171
51.162500	99.785833	0.003620
51.162500	101.012500	0.015682
51.161667	100.196666	0.000231
51.160833	99.780833	0.003568
51.160833	101.005833	0.015146
51.160000	100.190000	0.000132
51.159167	99.772500	0.004225
51.159167	100.995000	0.016531
51.158333	100.179166	0.000884
51.157500	99.760000	0.004759
51.157500	100.980833	0.019158
51.156667	100.165000	-0.000240
51.155833	99.743333	0.003686
51.155833	100.962500	0.018303
51.155000	100.146666	-0.000456
51.154167	99.723333	0.006994
51.154167	100.940000	0.018428
51.153333	100.124166	0.000018
51.152500	99.699166	0.004638
51.152500	100.914166	0.019646
51.151667	100.098333	0.001789
51.150833	99.670833	0.005976
51.150833	100.884166	0.022551
51.150000	100.068333	-0.001944
51.149167	99.639166	0.006807
51.149167	100.850833	0.024137
51.148333	100.035000	-0.000247
51.147500	99.604166	0.008899
51.147500	100.814166	0.031228
51.146667	99.998333	-0.002617
51.145833	99.565833	0.009889
51.145833	100.774166	0.034811
51.145000	99.958333	-0.007584
51.144167	99.523333	0.009078
51.144167	100.730000	0.038547
51.143333	99.914166	-0.006888
51.142500	99.477500	0.008921
51.142500	100.303333	0.023588
51.141667	99.866666	0.003572
51.141667	101.070000	0.011860
51.140833	100.254166	0.007557
51.140000	99.815833	0.005902
51.140000	101.017500	0.016185
51.139167	100.201666	-0.000347
51.138333	99.761666	0.001995
51.138333	100.962500	0.019228
51.137500	100.146666	0.000057
51.136667	99.705833	0.006481
51.136667	100.905833	0.021434
51.135833	100.090000	0.002774
51.135000	99.649166	0.007343
51.135000	100.849166	0.027449
51.134167	100.033333	0.001634
51.133333	99.590833	0.005780
51.133333	100.790833	0.031669
51.132500	99.975000	-0.002153
51.131667	99.532500	0.009255
51.131667	100.731666	0.039019
51.130833	99.915833	0.002874
51.130000	99.473333	0.008303
51.130000	100.299166	0.020459
51.129167	99.856666	0.003072
51.129167	101.055000	0.012401
51.128333	100.239166	0.004288
51.127500	99.796666	0.001176
51.127500	100.995000	0.015311
51.126667	100.179166	-0.002349
51.125833	99.737500	0.007929
51.125833	100.938333	0.019054
51.125000	100.122500	-0.002246
51.124167	99.683333	0.007392
51.124167	100.886666	0.021961
51.123333	100.070833	-0.001938
51.122500	99.633333	0.010760
51.122500	100.839166	0.024229
51.121667	100.023333	0.000197
51.120833	99.589166	0.011244
51.120833	100.797500	0.027964
51.120000	99.981666	0.000488
51.119167	99.550000	0.009116
51.119167	100.760833	0.036495
51.118333	99.945000	0.004369
51.117500	99.515000	0.009656
51.117500	100.728333	0.035170
51.116667	99.912500	0.004818
51.115833	99.485833	0.008988
51.115833	100.311666	0.026618
51.115000	99.885833	0.001525
51.114167	99.461666	0.008482
51.114167	100.287500	0.018341
51.113333	99.864166	0.008443
51.112500	99.440833	0.008246
51.112500	100.266666	0.012980
51.111667	99.844166	0.008598
51.111667	101.063333	0.009768
51.110833	100.247500	0.010380
51.110000	99.825000	0.004257
51.110000	101.045000	0.009668
51.109167	100.229166	0.005946
51.108333	99.807500	0.003657
51.108333	101.027500	0.011925
51.107500	100.211666	0.004925
51.106667	99.790833	0.000992
51.106667	101.012500	0.013241
51.105833	100.196666	0.006505
51.105000	99.777500	0.001204
51.105000	101.001666	0.013174
51.104167	100.185833	0.000294
51.103333	99.769166	0.001478
51.103333	100.995833	0.013038
51.102500	100.180000	0.000235
51.101667	99.766666	0.001524
51.101667	100.995833	0.013466
51.100833	100.180000	0.000304
51.100000	99.768333	-0.000212
51.100000	101.000000	0.014313
51.099167	100.184166	0.002433
51.098333	99.773333	-0.002339
51.098333	101.003333	0.012609
51.097500	100.187500	0.002886
51.096667	99.775833	-0.003114
51.096667	101.005000	0.012767
51.095833	100.189166	0.002460
51.095000	99.775833	-0.002907
51.095000	101.004166	0.012479
51.094167	100.188333	0.004233
51.093333	99.774166	-0.002196
51.093333	101.000833	0.012908
51.092500	100.185000	0.003780
51.091667	99.770000	-0.000216
51.091667	100.995833	0.012688
51.090833	100.180000	0.001448
51.090000	99.763333	0.001297
51.090000	100.988333	0.012733
51.089167	100.172500	-0.000751
51.088333	99.755000	0.003025
51.088333	100.978333	0.012850
51.087500	100.162500	0.000902
51.086667	99.744166	0.003736
51.086667	100.966666	0.013341
51.085833	100.150833	-0.002541
51.085000	99.730833	0.007349
51.085000	100.952500	0.013528
51.084167	100.136666	-0.005085
51.083333	99.715833	0.011865
51.083333	100.935833	0.014149
51.082500	100.120000	-0.003495
51.081667	99.697500	0.012287
51.081667	100.916666	0.016504
51.080833	100.100833	-0.001436
51.080000	99.677500	0.013271
51.080000	100.895000	0.016177
51.079167	100.079166	-0.002606
51.078333	99.655000	0.010950
51.078333	100.871666	0.018537
51.077500	100.055833	-0.002741
51.076667	99.630833	0.011103
51.076667	100.847500	0.021020
51.075833	100.031666	0.000762
51.075000	99.605833	0.011436
51.075000	100.820833	0.023159
51.074167	100.005000	0.006001
51.073333	99.615833	0.010372
51.073333	100.868333	0.018196
51.072500	100.052500	0.001378
51.071667	99.663333	0.011973
51.071667	100.916666	0.014998
51.070833	100.100833	-0.001863
51.070000	99.711666	0.012297
51.070000	100.964166	0.012674
51.069167	100.148333	-0.001340
51.068333	99.760000	0.010847
51.068333	101.013333	0.014255
51.067500	100.197500	0.002546
51.066667	99.809166	0.008847
51.066667	101.063333	0.011310
51.065833	100.247500	0.001635
51.065000	99.860000	0.006140
51.064167	99.471666	0.008104
51.064167	100.297500	0.015788
51.063333	99.910000	0.005870
51.062500	99.522500	0.012503
51.062500	100.776666	0.027709
51.061667	99.960833	0.000152
51.060833	99.574166	0.011474
51.060833	100.829166	0.026811
51.060000	100.013333	-0.001204
51.059167	99.626666	0.012513
51.059167	100.881666	0.016751
51.058333	100.065833	0.007526
51.057500	99.675833	0.013957
51.057500	100.921666	0.013167
51.056667	100.105833	-0.001890
51.055833	99.705000	0.013682
51.055833	100.940000	0.010260
51.055000	100.124166	0.003693
51.054167	99.711666	0.013095
51.054167	100.935833	0.010342
51.053333	100.120000	0.004308
51.052500	99.696666	0.013169
51.052500	100.909166	0.011101
51.051667	100.093333	0.002032
51.050833	99.661666	0.011967
51.050833	100.870833	0.019743
51.050000	100.055000	0.006866
51.049167	99.622500	0.011554
51.049167	100.831666	0.022361
51.048333	100.015833	-0.003050
51.047500	99.583333	0.012050
51.047500	100.792500	0.024831
51.046667	99.976666	0.001134
51.045833	99.544166	0.014877
51.045833	100.753333	0.025524
51.045000	99.937500	-0.000510
51.044167	99.505000	0.011080
51.044167	100.714166	0.021957
51.043333	99.898333	0.003049
51.042500	99.465833	0.010284
51.042500	100.291666	0.016326
51.041667	99.859166	0.005484
51.041667	101.067500	0.012969
51.040833	100.251666	0.003953
51.040000	99.819166	0.009132
51.040000	101.028333	0.015446
51.039167	100.212500	-0.003509
51.038333	99.779166	0.014160
51.038333	100.988333	0.010883
51.037500	100.172500	-0.003157
51.036667	99.739166	0.013684
51.036667	100.947500	0.010304
51.035833	100.131666	0.005779
51.035000	99.699166	0.013121
51.035000	100.907500	0.010207
51.034167	100.091666	0.003640
51.033333	99.658333	0.013613
51.033333	100.867500	0.014521
51.032500	100.051666	0.003977
51.031667	99.618333	0.012678
51.031667	100.826666	0.019118
51.030833	100.010833	-0.004342
51.030000	99.578333	0.013084
51.030000	100.786666	0.022158
51.029167	99.970833	-0.003132
51.028333	99.537500	0.009408
51.028333	100.746666	0.023544
51.027500	99.930833	-0.001394
51.026667	99.497500	0.008796
51.026667	100.705833	0.015006
51.025833	99.890000	0.001784
51.025000	99.456666	0.009300
51.025000	100.282500	0.008235
51.024167	99.849166	0.007662
51.024167	101.057500	0.013472
51.023333	100.241666	0.004852
51.022500	99.808333	0.009682
51.022500	101.017500	0.014227
51.021667	100.201666	0.000905
51.020833	99.770000	0.014453
51.020833	100.981666	0.010889
51.020000	100.165833	0.000572
51.019167	99.737500	0.011519
51.019167	100.951666	0.010360
51.018333	100.135833	0.001512
51.017500	99.710833	0.011478
51.017500	100.928333	0.009371
51.016667	100.112500	0.000297
51.015833	99.690000	0.013746
51.015833	100.910833	0.013551
51.015000	100.095000	-0.000987
51.014167	99.675833	0.014430
51.014167	100.899166	0.013893
51.013333	100.083333	0.000505
51.012500	99.667500	0.015407
51.012500	100.894166	0.013835
51.011667	100.078333	0.003778
51.010833	99.665000	0.017249
51.010833	100.895000	0.012918
51.010000	100.079166	0.001909
51.009167	99.668333	0.016202
51.009167	100.900833	0.012885
51.008333	100.085000	-0.000252
51.007500	99.677500	0.013560
51.007500	100.913333	0.011532
51.006667	100.097500	-0.001100
51.005833	99.692500	0.013458
51.005833	100.931666	0.010141
51.005000	100.115833	0.003975
51.004167	99.714166	0.012349
51.004167	100.955833	0.010846
51.003333	100.140000	-0.001274
51.002500	99.742500	0.010743
51.002500	100.988333	0.011576
51.001667	100.172500	-0.003265
51.000833	99.777500	0.010512
51.000833	101.026666	0.010694
51.000000	100.210833	-0.004698
50.999167	99.820000	0.010251
50.999167	101.072500	0.009488
50.998333	100.256666	0.003496
50.997500	99.869166	0.001291
50.996667	99.483333	0.011019
50.996667	100.739166	0.015174
50.995833	99.923333	-0.001277
50.995000	99.535000	0.013319
50.995000	100.786666	0.023369
50.994167	99.970833	-0.002628
50.993333	99.578333	0.011978
50.993333	100.825000	0.018932
50.992500	100.009166	-0.002721
50.991667	99.612500	0.012695
50.991667	100.855000	0.014783
50.990833	100.039166	0.000627
50.990000	99.637500	0.013687
50.990000	100.875833	0.010077
50.989167	100.060000	0.000722
50.988333	99.654166	0.012813
50.988333	100.887500	0.008935
50.987500	100.071666	0.002407
50.986667	99.661666	0.013017
50.986667	100.890833	0.008745
50.985833	100.075000	0.000815
50.985000	99.660000	0.012930
50.985000	100.886666	0.008362
50.984167	100.070833	0.002555
50.983333	99.655833	0.012860
50.983333	100.882500	0.007904
50.982500	100.066666	0.001568
50.981667	99.652500	0.012918
50.981667	100.880000	0.007728
50.980833	100.064166	0.000744
50.980000	99.650000	0.012580
50.980000	100.878333	0.008209
50.979167	100.062500	0.000605
50.978333	99.649166	0.012247
50.978333	100.876666	0.009257
50.977500	100.060833	-0.000301
50.976667	99.647500	0.012301
50.976667	100.875833	0.010095
50.975833	100.060000	-0.000483
50.975000	99.646666	0.012477
50.975000	100.875833	0.010285
50.974167	100.060000	-0.000273
50.973333	99.647500	0.012361
50.973333	100.876666	0.009302
50.972500	100.060833	0.000313
50.971667	99.649166	0.012105
50.971667	100.879166	0.009026
50.970833	100.063333	0.000781
50.970000	99.651666	0.012526
50.970000	100.882500	0.007344
50.969167	100.066666	0.001109
50.968333	99.655833	0.012361
50.968333	100.885833	0.007547
50.967500	100.070000	0.000784
50.966667	99.659166	0.012268
50.966667	100.890000	0.008820
50.965833	100.074166	-0.000480
50.965000	99.663333	0.012364
50.965000	100.895000	0.007716
50.964167	100.079166	-0.002089
50.963333	99.669166	0.011721
50.963333	100.900833	0.008575
50.962500	100.085000	-0.001976
50.961667	99.675833	0.011786
50.961667	100.908333	0.007515
50.960833	100.092500	-0.000794
50.960000	99.683333	0.011833
50.960000	100.916666	0.008998
50.959167	100.100833	0.001055
50.958333	99.692500	0.010684
50.958333	100.925000	0.006184
50.957500	100.109166	0.003265
50.956667	99.700000	0.008749
50.956667	100.932500	0.003680
50.955833	100.116666	0.006044
50.955000	99.706666	0.008771
50.955000	100.937500	0.003258
50.954167	100.121666	0.006030
50.953333	99.710833	0.009117
50.953333	100.940833	0.003666
50.952500	100.125000	0.004259
50.951667	99.712500	0.009274
50.951667	100.941666	0.003960
50.950833	100.125833	0.002994
50.950000	99.712500	0.009565
50.950000	100.940000	0.003647
50.949167	100.124166	0.002488
50.948333	99.710000	0.009737
50.948333	100.936666	0.004111
50.947500	100.120833	0.003386
50.946667	99.705000	0.008903
50.946667	100.930833	0.004013
50.945833	100.115000	0.004805
50.945000	99.698333	0.008827
50.945000	100.922500	0.005107
50.944167	100.106666	0.003897
50.943333	99.689166	0.008425
50.943333	100.912500	0.004354
50.942500	100.096666	0.002615
50.941667	99.677500	0.007614
50.941667	100.900833	0.005195
50.940833	100.085000	-0.001287
50.940000	99.665833	0.009701
50.940000	100.887500	0.005366
50.939167	100.071666	-0.000558
50.938333	99.651666	0.009220
50.938333	100.872500	0.006723
50.937500	100.056666	-0.000709
50.936667	99.635000	0.009264
50.936667	100.855000	0.007446
50.935833	100.039166	0.002275
50.935000	99.616666	0.009042
50.935000	100.835000	0.009132
50.934167	100.019166	-0.000741
50.933333	99.595833	0.011923
50.933333	100.813333	0.011756
50.932500	99.997500	-0.004578
50.931667	99.572500	0.012045
50.931667	100.789166	0.012518
50.930833	99.973333	-0.004113
50.930000	99.547500	0.012049
50.930000	100.762500	0.014360
50.929167	99.946666	-0.002934
50.928333	99.520000	0.011383
50.928333	100.734166	0.011200
50.927500	99.918333	-0.005409
50.926667	99.490000	0.011334
50.926667	100.703333	0.007302
50.925833	99.887500	-0.002339
50.925000	99.458333	0.014003
50.925000	100.670000	0.004342
50.924167	99.854166	0.003894
50.924167	101.065833	0.008214
50.923333	100.250000	0.011079
50.922500	99.819166	0.002342
50.922500	101.030000	0.007690
50.921667	100.214166	-0.001967
50.920833	99.783333	0.000200
50.920833	100.993333	0.003339
50.920000	100.177500	-0.001644
50.919167	99.745000	0.002119
50.919167	100.954166	0.003194
50.918333	100.138333	-0.000972
50.917500	99.705000	0.003488
50.917500	100.912500	0.005579
50.916667	100.096666	0.001729
50.915833	99.662500	0.001244
50.915833	100.870000	0.008865
50.915000	100.054166	0.000084
50.914167	99.619166	0.003696
50.914167	100.825000	0.009655
50.913333	100.009166	0.000396
50.912500	99.573333	0.007802
50.912500	100.778333	0.011185
50.911667	99.962500	-0.006272
50.910833	99.525000	0.011698
50.910833	100.729166	0.007185
50.910000	99.913333	-0.001980
